3 0.04765625 0.84296875 0.0953125 0.1203125
3 0.0671875 0.34921875 0.134375 0.0484375
3 0.0671875 0.78515625 0.090625 0.0765625
3 0.14375 0.86015625 0.096875 0.1203125
3 0.165625 0.7234375 0.096875 0.09375
3 0.39296875 0.521875 0.5046875 0.209375
3 0.25546875 0.8234375 0.0703125 0.09375
3 0.42890625 0.68984375 0.3859375 0.2203125
3 0.4359375 0.8046875 0.103125 0.215625
3 0.62109375 0.7 0.0734375 0.159375
3 0.66640625 0.71796875 0.0421875 0.0765625
3 0.70625 0.74140625 0.078125 0.1890625
3 0.71640625 0.625 0.0578125 0.090625
3 0.95234375 0.5765625 0.0890625 0.09375