3 0.15078125 0.52265625 0.1578125 0.1484375
3 0.15078125 0.39296875 0.1421875 0.1421875
3 0.17421875 0.64140625 0.1484375 0.1265625
3 0.1828125 0.36796875 0.140625 0.1359375
3 0.21640625 0.7609375 0.1265625 0.1125
3 0.22578125 0.25078125 0.1109375 0.1484375
3 0.25078125 0.64296875 0.1140625 0.0984375
3 0.26171875 0.24765625 0.1203125 0.0984375
3 0.2765625 0.5375 0.10625 0.1
3 0.27265625 0.45703125 0.0703125 0.0703125
3 0.271875 0.38671875 0.059375 0.0578125
3 0.3234375 0.34921875 0.1 0.0921875
3 0.3421875 0.190625 0.125 0.146875
3 0.36640625 0.82421875 0.1609375 0.1390625
3 0.36328125 0.44609375 0.1265625 0.1140625
3 0.37421875 0.33203125 0.1453125 0.1171875
3 0.36640625 0.5671875 0.1265625 0.1625
3 0.38984375 0.2171875 0.1140625 0.13125
3 0.4625 0.8578125 0.109375 0.121875
3 0.4859375 0.16640625 0.15 0.1765625
3 0.49140625 0.31328125 0.1296875 0.1421875
3 0.4796875 0.44921875 0.103125 0.1515625
3 0.46796875 0.759375 0.0671875 0.0625
3 0.496875 0.7078125 0.090625 0.075
3 0.5328125 0.1671875 0.11875 0.128125
3 0.55078125 0.6984375 0.1484375 0.11875
3 0.5453125 0.8703125 0.078125 0.096875
3 0.54765625 0.78515625 0.0796875 0.0640625
3 0.58046875 0.33515625 0.1078125 0.0953125
3 0.6078125 0.46015625 0.1375 0.1421875
3 0.63125 0.34765625 0.15 0.1171875
3 0.62890625 0.57265625 0.1265625 0.1171875
3 0.65390625 0.21484375 0.1515625 0.1546875
3 0.63671875 0.79765625 0.1140625 0.1140625
3 0.6609375 0.8078125 0.1625 0.146875
3 0.6890625 0.2015625 0.128125 0.115625
3 0.7140625 0.39296875 0.096875 0.0796875
3 0.728125 0.490625 0.125 0.14375
3 0.72890625 0.28984375 0.0828125 0.1453125
3 0.78828125 0.296875 0.1328125 0.146875
3 0.778125 0.71796875 0.096875 0.0953125
3 0.81953125 0.42109375 0.1078125 0.0953125
3 0.82265625 0.71875 0.1140625 0.134375
3 0.85234375 0.55625 0.1515625 0.1625
3 0.86328125 0.428125 0.1015625 0.11875