3 0.02265625 0.5703125 0.0453125 0.021875
3 0.25703125 0.73046875 0.5140625 0.2296875
3 0.49921875 0.4828125 0.9984375 0.36875
3 0.03984375 0.79375 0.0515625 0.04375
3 0.04765625 0.7328125 0.0671875 0.04375
3 0.12265625 0.5890625 0.1546875 0.084375
3 0.46875 0.86015625 0.10625 0.0484375
3 0.47265625 0.7484375 0.0609375 0.05625
3 0.496875 0.915625 0.103125 0.0625
3 0.52109375 0.83671875 0.1078125 0.0578125
3 0.5890625 0.7390625 0.059375 0.071875
3 0.634375 0.7609375 0.078125 0.04375
3 0.64140625 0.72578125 0.0640625 0.0484375
3 0.68515625 0.85234375 0.0734375 0.0421875
3 0.7359375 0.71015625 0.10625 0.0265625