3 0.0640625 0.7625 0.128125 0.23125
3 0.08515625 0.875 0.1703125 0.246875
3 0.25078125 0.79765625 0.1640625 0.2671875
3 0.31484375 0.871875 0.2109375 0.253125
3 0.33203125 0.78046875 0.1109375 0.2109375
3 0.425 0.8140625 0.0625 0.36875
3 0.46328125 0.828125 0.1171875 0.34375
3 0.52890625 0.759375 0.0859375 0.253125
3 0.5578125 0.759375 0.09375 0.25
3 0.603125 0.7125 0.059375 0.134375
3 0.66171875 0.72890625 0.0515625 0.0984375
3 0.72265625 0.7546875 0.0984375 0.1875
3 0.77265625 0.91484375 0.1515625 0.1671875
3 0.77578125 0.57109375 0.1171875 0.2359375
3 0.74453125 0.7609375 0.0421875 0.115625
3 0.8609375 0.83984375 0.18125 0.3171875
3 0.85 0.5296875 0.128125 0.153125