3 0.03359375 0.121875 0.0640625 0.08125
3 0.41640625 0.10625 0.0640625 0.084375
3 0.559375 0.06484375 0.084375 0.1015625
3 0.6375 0.1734375 0.059375 0.1
3 0.72109375 0.13359375 0.0734375 0.1109375
3 0.83515625 0.16953125 0.1046875 0.1015625
3 0.88046875 0.32265625 0.1015625 0.1359375
3 0.7234375 0.446875 0.1125 0.125
3 0.70234375 0.578125 0.1203125 0.11875
3 0.53203125 0.51875 0.1046875 0.15
3 0.4 0.29921875 0.09375 0.1265625
3 0.29375 0.3640625 0.103125 0.121875
3 0.20078125 0.51796875 0.1171875 0.1640625
3 0.21484375 0.03515625 0.0734375 0.0703125
3 0.2765625 0.053125 0.05 0.10625
3 0.93359375 0.1453125 0.0796875 0.084375