3 0.92421875 0.7765625 0.1328125 0.35
3 0.08828125 0.228125 0.0390625 0.0625
3 0.11796875 0.21640625 0.0359375 0.0859375
3 0.13671875 0.26796875 0.0609375 0.1359375
3 0.178125 0.26953125 0.053125 0.1578125
3 0.21875 0.4046875 0.090625 0.20625
3 0.24921875 0.275 0.0515625 0.1125
3 0.28359375 0.46328125 0.1203125 0.1296875
3 0.2765625 0.35234375 0.08125 0.1203125
3 0.365625 0.3375 0.096875 0.1875
3 0.47890625 0.87421875 0.1671875 0.2515625
3 0.48203125 0.3890625 0.1015625 0.196875
3 0.56484375 0.36953125 0.0671875 0.1671875
3 0.6109375 0.30625 0.0625 0.125
3 0.60390625 0.24453125 0.0328125 0.0671875