7 0.62734375 0.1875 0.4421875 0.36875
7 0.32578125 0.18046875 0.2171875 0.3546875
7 0.7875 0.790625 0.15625 0.29375
7 0.6265625 0.4640625 0.165625 0.4375
7 0.2609375 0.453125 0.221875 0.3375
7 0.6546875 0.86015625 0.125 0.1546875
7 0.80390625 0.4828125 0.1046875 0.340625
7 0.471875 0.4703125 0.25625 0.390625
7 0.6234375 0.696875 0.140625 0.284375
7 0.81875 0.6765625 0.078125 0.190625
7 0.9765625 0.35546875 0.046875 0.4109375
7 0.521875 0.275 0.25625 0.35625
7 0.3109375 0.68515625 0.159375 0.2390625