7 0.37421875 0.8125 0.4421875 0.36875
7 0.67421875 0.82109375 0.2171875 0.3546875
7 0.2125 0.209375 0.15625 0.29375
7 0.3734375 0.5375 0.165625 0.4375
7 0.7390625 0.546875 0.221875 0.3375
7 0.3453125 0.13984375 0.125 0.1546875
7 0.19609375 0.5171875 0.1046875 0.340625
7 0.528125 0.53125 0.25625 0.390625
7 0.3765625 0.3046875 0.140625 0.284375
7 0.1828125 0.3234375 0.078125 0.190625
7 0.0234375 0.64609375 0.046875 0.4109375
7 0.4796875 0.725 0.25625 0.35625
7 0.690625 0.31484375 0.159375 0.2390625