3 0.875 0.70078125 0.140625 0.1453125
3 0.04140625 0.30703125 0.0421875 0.0640625
3 0.04375 0.21015625 0.03125 0.0359375
3 0.1078125 0.6171875 0.115625 0.11875
3 0.1265625 0.28359375 0.040625 0.0484375
3 0.21328125 0.259375 0.0234375 0.015625
3 0.23125 0.3046875 0.034375 0.034375
3 0.27265625 0.22421875 0.0203125 0.0296875
3 0.2828125 0.34609375 0.028125 0.0671875
3 0.2984375 0.315625 0.028125 0.028125
3 0.334375 0.31484375 0.034375 0.0546875
3 0.35390625 0.30859375 0.0296875 0.0640625
3 0.41640625 0.821875 0.0890625 0.203125
3 0.4546875 0.2203125 0.009375 0.028125
3 0.478125 0.2765625 0.025 0.03125
3 0.4875 0.2859375 0.025 0.05625
3 0.49921875 0.26171875 0.0203125 0.0296875
3 0.55546875 0.28359375 0.0203125 0.0359375
3 0.590625 0.29453125 0.040625 0.0234375
3 0.61484375 0.27578125 0.0296875 0.0265625
3 0.65234375 0.4234375 0.0671875 0.090625
3 0.66015625 0.29453125 0.0234375 0.0328125
3 0.72109375 0.53671875 0.1140625 0.0796875
3 0.6984375 0.2921875 0.021875 0.034375
3 0.71484375 0.2859375 0.0234375 0.01875
3 0.7453125 0.315625 0.0125 0.028125
3 0.84296875 0.38046875 0.0296875 0.0390625
3 0.91953125 0.584375 0.0828125 0.059375