3 0.55234375 0.290625 0.2265625 0.46875
3 0.08515625 0.50625 0.1671875 0.484375
3 0.19921875 0.21015625 0.0703125 0.2421875
3 0.27578125 0.26171875 0.0765625 0.2421875
3 0.31171875 0.2640625 0.0890625 0.290625
3 0.3640625 0.1875 0.046875 0.09375
3 0.3625 0.30703125 0.0875 0.1609375
3 0.4421875 0.309375 0.065625 0.134375
3 0.2515625 0.8390625 0.171875 0.26875
3 0.3234375 0.5890625 0.265625 0.325
3 0.496875 0.56640625 0.078125 0.1671875
3 0.61484375 0.7953125 0.1171875 0.30625
3 0.75625 0.38984375 0.15625 0.2953125
3 0.878125 0.57265625 0.20625 0.3640625
3 0.94609375 0.775 0.1078125 0.45
3 0.6125 0.28359375 0.1625 0.3890625
3 0.4828125 0.43515625 0.240625 0.1484375