7 0.20234375 0.65703125 0.2109375 0.2828125
7 0.75859375 0.86640625 0.1765625 0.2609375
7 0.56953125 0.71796875 0.2546875 0.5578125
7 0.04375 0.39140625 0.0875 0.1078125
7 0.53984375 0.2953125 0.0859375 0.14375
7 0.1328125 0.41875 0.09375 0.1
7 0.80390625 0.3546875 0.1046875 0.090625
7 0.69453125 0.3578125 0.1359375 0.225
7 0.88359375 0.2859375 0.0671875 0.134375
7 0.91328125 0.37265625 0.0734375 0.0953125
7 0.88046875 0.52890625 0.1296875 0.1578125
7 0.0859375 0.50234375 0.165625 0.1578125
7 0.32578125 0.4375 0.1171875 0.09375
7 0.49140625 0.55 0.1671875 0.359375