3 0.1125 0.43671875 0.178125 0.2671875
3 0.22109375 0.31015625 0.2359375 0.1421875
3 0.3578125 0.68046875 0.49375 0.6265625
3 0.165625 0.3484375 0.05625 0.103125
3 0.28984375 0.3890625 0.2859375 0.309375
3 0.30390625 0.290625 0.1703125 0.215625
3 0.37578125 0.24765625 0.1515625 0.0890625
3 0.38671875 0.3109375 0.0953125 0.1375
3 0.4640625 0.45625 0.175 0.45
3 0.521875 0.26953125 0.128125 0.0984375
3 0.62265625 0.33984375 0.2703125 0.2546875
3 0.69375 0.2859375 0.275 0.203125
3 0.725 0.653125 0.259375 0.528125
3 0.80390625 0.5328125 0.2328125 0.346875
3 0.91328125 0.46796875 0.1734375 0.4859375