3 0.79765625 0.54375 0.0984375 0.20625
3 0.03984375 0.790625 0.0703125 0.215625
3 0.0375 0.4875 0.046875 0.146875
3 0.1046875 0.70390625 0.071875 0.2515625
3 0.1078125 0.5421875 0.046875 0.10625
3 0.11484375 0.39765625 0.0390625 0.1109375
3 0.33828125 0.50390625 0.4328125 0.5578125
3 0.3703125 0.153125 0.05 0.09375
3 0.3890625 0.2484375 0.053125 0.08125
3 0.44765625 0.240625 0.0359375 0.0875
3 0.48359375 0.23203125 0.0453125 0.0953125
3 0.61484375 0.76796875 0.0984375 0.1890625
3 0.62265625 0.22890625 0.0328125 0.0703125
3 0.7421875 0.5046875 0.190625 0.359375
3 0.7375 0.2765625 0.159375 0.196875
3 0.88828125 0.19140625 0.0703125 0.1296875
3 0.89765625 0.52890625 0.0515625 0.1515625
3 0.953125 0.59765625 0.090625 0.1734375
3 0.94296875 0.475 0.0546875 0.1375