3 0.04375 0.59453125 0.0875 0.0984375
3 0.07265625 0.89765625 0.0671875 0.1296875
3 0.07734375 0.66953125 0.0671875 0.1859375
3 0.09921875 0.78984375 0.0328125 0.1046875
3 0.14765625 0.74453125 0.0921875 0.1953125
3 0.12734375 0.65859375 0.0359375 0.0640625
3 0.16875 0.690625 0.053125 0.09375
3 0.20546875 0.82265625 0.0609375 0.1328125
3 0.29296875 0.54453125 0.2078125 0.1578125
3 0.2359375 0.8578125 0.0625 0.1625
3 0.28359375 0.74609375 0.1109375 0.1859375
3 0.27578125 0.96328125 0.0765625 0.0734375
3 0.31796875 0.8125 0.0828125 0.115625
3 0.340625 0.9109375 0.084375 0.159375
3 0.34453125 0.83984375 0.0765625 0.1296875
3 0.38984375 0.63671875 0.1578125 0.2390625
3 0.4421875 0.9421875 0.046875 0.1125
3 0.59140625 0.6859375 0.3234375 0.496875
3 0.475 0.9765625 0.040625 0.046875
3 0.5859375 0.5140625 0.15 0.15
3 0.67265625 0.553125 0.0453125 0.084375
3 0.8828125 0.57578125 0.234375 0.1359375