3 0.2328125 0.67578125 0.125 0.2171875
3 0.403125 0.76171875 0.065625 0.0671875
3 0.49609375 0.6765625 0.0515625 0.05625
3 0.67578125 0.76328125 0.0515625 0.0796875
3 0.76953125 0.79765625 0.0671875 0.0765625
3 0.8625 0.56953125 0.04375 0.0484375
3 0.86796875 0.51796875 0.0453125 0.0453125
3 0.91328125 0.41953125 0.0390625 0.0671875
3 0.79296875 0.41484375 0.0484375 0.0453125
3 0.48828125 0.43046875 0.0921875 0.2046875
3 0.371875 0.46640625 0.125 0.1953125
3 0.20546875 0.4734375 0.1359375 0.19375
3 0.31953125 0.33984375 0.1046875 0.1609375