3 0.02265625 0.88984375 0.0453125 0.0609375
3 0.1078125 0.63828125 0.053125 0.0765625
3 0.1359375 0.56640625 0.034375 0.0515625
3 0.340625 0.31328125 0.040625 0.0546875
3 0.39765625 0.37421875 0.0546875 0.0765625
3 0.5328125 0.46484375 0.075 0.0859375
3 0.66484375 0.3296875 0.0734375 0.09375
3 0.78203125 0.509375 0.0828125 0.09375
3 0.8453125 0.37421875 0.071875 0.0796875
3 0.8484375 0.8328125 0.2375 0.253125
3 0.9359375 0.23984375 0.0375 0.0453125
3 0.98203125 0.31015625 0.0359375 0.0609375
3 0.4546875 0.33984375 0.046875 0.0640625
3 0.49375 0.24375 0.04375 0.059375
3 0.40703125 0.27265625 0.0390625 0.0421875
3 0.1859375 0.2984375 0.040625 0.053125
3 0.17734375 0.2390625 0.0421875 0.059375