6 0.1453125 0.6109375 0.290625 0.49375
6 0.39140625 0.55703125 0.3125 0.54375
6 0.73671875 0.63046875 0.3171875 0.528125
6 0.57734375 0.5296875 0.4125 0.9171875
6 0.46015625 0.2796875 0.1453125 0.209375
6 0.3359375 0.1734375 0.1375 0.18125
6 0.8796875 0.31484375 0.146875 0.234375
6 0.7703125 0.3015625 0.1484375 0.271875
6 0.92734375 0.25390625 0.1359375 0.196875
6 0.18515625 0.29296875 0.2171875 0.2671875
6 0.7390625 0.3234375 0.096875 0.209375
6 0.26640625 0.31171875 0.1 0.15625
6 0.24375 0.2828125 0.16875 0.21875