11 0.82265625 0.715625 0.2234375 0.31015625
11 0.13359375 0.76328125 0.1421875 0.26875
11 0.18515625 0.67734375 0.1828125 0.19609375
11 0.38828125 0.575 0.1390625 0.15859375
11 0.41171875 0.459375 0.0765625 0.13515625
11 0.59609375 0.55390625 0.1546875 0.16640625
11 0.51015625 0.63046875 0.1265625 0.16875
11 0.490625 0.75390625 0.1375 0.325
11 0.57890625 0.440625 0.0765625 0.12734375
11 0.71796875 0.39765625 0.0703125 0.13359375
11 0.33984375 0.76796875 0.1703125 0.25234375
11 0.9671875 0.48984375 0.0625 0.16640625
11 0.85078125 0.43203125 0.1109375 0.16875
11 0.8640625 0.37421875 0.096875 0.09765625