11 0.38203125 0.79453125 0.2015625 0.378125
11 0.47890625 0.7171875 0.2484375 0.3078125
11 0.178125 0.640625 0.159375 0.29140625
11 0.1 0.575 0.19375 0.25390625
11 0.75625 0.6234375 0.11875 0.29375
11 0.47109375 0.584375 0.2859375 0.25859375
11 0.74296875 0.515625 0.2078125 0.22734375
11 0.31015625 0.5796875 0.0890625 0.13125
11 0.21015625 0.44921875 0.1390625 0.15703125
11 0.5375 0.47890625 0.10625 0.084375
11 0.09609375 0.44375 0.0890625 0.084375
11 0.41015625 0.38046875 0.0828125 0.1265625
11 0.4890625 0.48359375 0.978125 0.840625