11 0.28125 0.67734375 0.290625 0.453125
11 0.51171875 0.7453125 0.1265625 0.3828125
11 0.5421875 0.4765625 0.221875 0.20546875
11 0.86875 0.425 0.259375 0.1171875
11 0.453125 0.36328125 0.18125 0.1515625
11 0.865625 0.74921875 0.265625 0.47890625
11 0.61796875 0.7359375 0.2171875 0.5234375
11 0.109375 0.60078125 0.21875 0.378125
11 0.315625 0.3609375 0.1875 0.1703125
11 0.36484375 0.37734375 0.1359375 0.175
11 0.6734375 0.41796875 0.16875 0.13515625
11 0.80625 0.6625 0.240625 0.37578125
11 0.14140625 0.41484375 0.2140625 0.1703125
11 0.5 0.5375 0.996875 0.9203125