11 0.42734375 0.64296875 0.1859375 0.21015625
11 0.1953125 0.859375 0.390625 0.27734375
11 0.12109375 0.515625 0.2296875 0.17734375
11 0.3 0.49296875 0.19375 0.19375
11 0.515625 0.35703125 0.434375 0.26484375
11 0.66328125 0.57890625 0.3234375 0.19140625
11 0.7765625 0.30859375 0.2625 0.15390625
11 0.55078125 0.23359375 0.1578125 0.1125
11 0.77890625 0.940625 0.4390625 0.09765625
11 0.71015625 0.2625 0.1078125 0.13359375
11 0.81875 0.35625 0.359375 0.1375
11 0.6921875 0.49453125 0.35625 0.17265625
11 0.659375 0.78671875 0.678125 0.41015625
11 0.121875 0.66015625 0.24375 0.18359375
11 0.69765625 0.68359375 0.3484375 0.14140625
11 0.5 0.53046875 0.996875 0.93515625