11 0.890625 0.95 0.07109375 0.0984375
11 0.94765625 0.95078125 0.05859375 0.096875
11 0.79609375 0.95703125 0.08515625 0.08359375
11 0.54375 0.2453125 0.0328125 0.0515625
11 0.52421875 0.24765625 0.028125 0.05078125
11 0.57734375 0.253125 0.028125 0.06640625
11 0.5015625 0.253125 0.03046875 0.0546875
11 0.61875 0.2578125 0.04140625 0.053125
11 0.52890625 0.27109375 0.03046875 0.04921875
11 0.4765625 0.27109375 0.03203125 0.08125
11 0.60859375 0.271875 0.03203125 0.0609375
11 0.58984375 0.284375 0.034375 0.05078125
11 0.5609375 0.2890625 0.0296875 0.053125
11 0.5078125 0.29296875 0.021875 0.08125
11 0.66640625 0.29296875 0.04296875 0.059375
11 0.63984375 0.30078125 0.034375 0.04921875
11 0.71484375 0.31328125 0.04296875 0.0609375
11 0.5328125 0.315625 0.03359375 0.08125
11 0.48984375 0.32109375 0.03671875 0.090625
11 0.68046875 0.3359375 0.03984375 0.0765625
11 0.571875 0.33671875 0.03515625 0.06015625
11 0.6578125 0.33828125 0.04296875 0.06796875
11 0.63515625 0.34140625 0.0390625 0.07421875
11 0.72734375 0.34921875 0.04375 0.059375
11 0.60625 0.35546875 0.0390625 0.071875
11 0.55703125 0.36171875 0.0375 0.08046875
11 0.5140625 0.371875 0.04140625 0.08984375
11 0.73125 0.38359375 0.0484375 0.07421875
11 0.67734375 0.3859375 0.04296875 0.071875
11 0.60546875 0.39375 0.04921875 0.0796875
11 0.55625 0.39765625 0.04375 0.103125
11 0.7171875 0.403125 0.05234375 0.0734375
11 0.78046875 0.40625 0.04609375 0.08359375
11 0.646875 0.40859375 0.03984375 0.08359375
11 0.76640625 0.4296875 0.03125 0.08359375
11 0.6046875 0.44140625 0.0484375 0.0859375
11 0.68515625 0.4453125 0.05546875 0.1109375
11 0.53828125 0.471875 0.05234375 0.165625
11 0.76484375 0.47265625 0.05078125 0.1046875
11 0.665625 0.4765625 0.0515625 0.1015625
11 0.74921875 0.4859375 0.06015625 0.1046875
11 0.603125 0.49609375 0.06328125 0.12421875
11 0.73359375 0.5265625 0.05859375 0.12890625
11 0.87265625 0.5265625 0.06484375 0.09140625
11 0.83828125 0.534375 0.06015625 0.0890625
11 0.8125 0.53828125 0.0484375 0.10546875
11 0.70078125 0.553125 0.08984375 0.1234375
11 0.60234375 0.56953125 0.06328125 0.16171875
11 0.675 0.590625 0.06328125 0.140625
11 0.9 0.59921875 0.0671875 0.09609375
11 0.78046875 0.62109375 0.053125 0.1796875
11 0.82265625 0.6265625 0.0671875 0.14296875
11 0.66953125 0.64921875 0.0734375 0.1546875
11 0.97578125 0.6703125 0.046875 0.07421875
11 0.746875 0.671875 0.07890625 0.1859375
11 0.94375 0.67890625 0.0609375 0.0859375
11 0.925 0.7 0.065625 0.11640625
11 0.890625 0.7140625 0.071875 0.08828125
11 0.98984375 0.71640625 0.01953125 0.04140625
11 0.63984375 0.74609375 0.07265625 0.20390625
11 0.84296875 0.74921875 0.08828125 0.13203125
11 0.9421875 0.77109375 0.06171875 0.14140625
11 0.70625 0.796875 0.0625 0.1953125
11 0.978125 0.80859375 0.04296875 0.16484375
11 0.85390625 0.80859375 0.06875 0.19921875
11 0.76171875 0.8125 0.08046875 0.23046875
11 0.81953125 0.82421875 0.06796875 0.21875
11 0.93671875 0.8390625 0.065625 0.16953125
11 0.91328125 0.84921875 0.06171875 0.1703125
11 0.7171875 0.91953125 0.08203125 0.159375
11 0.65 0.92265625 0.0828125 0.153125