11 0.37578125 0.62734375 0.2234375 0.47734375
11 0.53359375 0.6296875 0.1578125 0.43984375
11 0.74921875 0.415625 0.1203125 0.275
11 0.43046875 0.34609375 0.1046875 0.13671875
11 0.253125 0.3671875 0.103125 0.12265625
11 0.103125 0.41328125 0.11875 0.2421875
11 0.83046875 0.61640625 0.0859375 0.28203125
11 0.74453125 0.6671875 0.0859375 0.284375
11 0.86796875 0.5203125 0.1453125 0.3765625
11 0.5265625 0.4296875 0.196875 0.228125
11 0.6390625 0.6765625 0.071875 0.275
11 0.6921875 0.625 0.0625 0.18125
11 0.63828125 0.365625 0.1171875 0.2
11 0.16796875 0.5015625 0.0578125 0.20234375
11 0.4546875 0.55625 0.909375 0.5625