11 0.12890625 0.66875 0.2515625 0.30234375
11 0.26875 0.53984375 0.178125 0.08203125
11 0.45703125 0.68828125 0.2359375 0.3984375
11 0.234375 0.7015625 0.29375 0.37265625
11 0.64140625 0.659375 0.2890625 0.38671875
11 0.8265625 0.70234375 0.171875 0.4265625
11 0.67890625 0.6765625 0.2234375 0.3140625
11 0.44921875 0.50703125 0.0890625 0.09609375
11 0.41640625 0.76015625 0.0515625 0.11953125
11 0.05078125 0.6171875 0.1015625 0.26484375
11 0.7140625 0.61484375 0.15625 0.33046875
11 0.40078125 0.64375 0.7421875 0.421875