11 0.2 0.61875 0.3 0.36875
11 0.3640625 0.5859375 0.06875 0.284375
11 0.68671875 0.62421875 0.1578125 0.33828125
11 0.87890625 0.621875 0.2390625 0.234375
11 0.565625 0.53046875 0.115625 0.27265625
11 0.47734375 0.58359375 0.0921875 0.275
11 0.04921875 0.67265625 0.0984375 0.3359375
11 0.31484375 0.42109375 0.2046875 0.14296875
11 0.45546875 0.4953125 0.1109375 0.2390625
11 0.7203125 0.47734375 0.103125 0.12421875
11 0.04765625 0.465625 0.0953125 0.16171875
11 0.146875 0.45390625 0.11875 0.09609375
11 0.28828125 0.6078125 0.3203125 0.55390625