11 0.85390625 0.63671875 0.2765625 0.52421875
11 0.3875 0.67890625 0.259375 0.384375
11 0.1703125 0.54765625 0.196875 0.3328125
11 0.63046875 0.59453125 0.1609375 0.3046875
11 0.7125 0.57578125 0.1 0.4078125
11 0.45703125 0.4203125 0.0890625 0.09140625
11 0.8265625 0.3078125 0.071875 0.08203125
11 0.96484375 0.28828125 0.0671875 0.0890625
11 0.5703125 0.56640625 0.140625 0.403125
11 0.68203125 0.3421875 0.0921875 0.09375
11 0.0703125 0.60078125 0.140625 0.27890625
11 0.51796875 0.25625 0.3328125 0.16640625