11 0.21328125 0.725 0.4234375 0.53359375
11 0.54765625 0.390625 0.5109375 0.29140625
11 0.4515625 0.275 0.425 0.19453125
11 0.6515625 0.22109375 0.471875 0.196875
11 0.8 0.596875 0.396875 0.31640625
11 0.66640625 0.7859375 0.6640625 0.4109375
11 0.1453125 0.22890625 0.284375 0.26953125
11 0.36953125 0.1390625 0.2765625 0.278125
11 0.696875 0.15859375 0.496875 0.15
11 0.8359375 0.3859375 0.325 0.21640625
11 0.16484375 0.378125 0.3296875 0.2109375
11 0.50625 0.578125 0.2625 0.1890625
11 0.14921875 0.07109375 0.2984375 0.1359375
11 0.08125 0.8609375 0.153125 0.25
11 0.49921875 0.5 0.9984375 0.99453125