11 0.24375 0.6515625 0.0875 0.16796875
11 0.17578125 0.56015625 0.0984375 0.1109375
11 0.31875 0.59765625 0.053125 0.1515625
11 0.55234375 0.728125 0.1734375 0.196875
11 0.61484375 0.5921875 0.1265625 0.1421875
11 0.89375 0.65390625 0.14375 0.16796875
11 0.653125 0.5 0.10625 0.10078125
11 0.37421875 0.56953125 0.0703125 0.14453125
11 0.67734375 0.5875 0.1140625 0.146875
11 0.8046875 0.60703125 0.084375 0.146875
11 0.48984375 0.5109375 0.0828125 0.13203125
11 0.48828125 0.5984375 0.0796875 0.1390625
11 0.67890625 0.4796875 0.6390625 0.80546875