11 0.51796875 0.825 0.2578125 0.271875
11 0.5078125 0.6765625 0.19375 0.096875
11 0.8390625 0.88515625 0.31875 0.20859375
11 0.3125 0.74921875 0.159375 0.24609375
11 0.2125 0.60703125 0.071875 0.0703125
11 0.178125 0.715625 0.121875 0.22265625
11 0.6734375 0.825 0.21875 0.3109375
11 0.875 0.76640625 0.246875 0.14375
11 0.703125 0.659375 0.153125 0.0734375
11 0.7921875 0.5453125 0.1375 0.1078125
11 0.36953125 0.72109375 0.1109375 0.23359375
11 0.41328125 0.60078125 0.0609375 0.071875
11 0.8609375 0.6921875 0.20625 0.1078125
11 0.53828125 0.6390625 0.9203125 0.50546875