11 0.35546875 0.62421875 0.1421875 0.23984375
11 0.69609375 0.5359375 0.0578125 0.17578125
11 0.509375 0.5390625 0.075 0.18125
11 0.578125 0.5546875 0.0625 0.10546875
11 0.8109375 0.5390625 0.0625 0.1921875
11 0.87890625 0.665625 0.1359375 0.2953125
11 0.203125 0.55 0.075 0.15859375
11 0.13046875 0.56953125 0.0796875 0.23125
11 0.2921875 0.54140625 0.0625 0.16953125
11 0.04140625 0.58359375 0.0796875 0.17578125
11 0.44609375 0.53203125 0.0734375 0.178125
11 0.73671875 0.58515625 0.5234375 0.30078125