11 0.88203125 0.9265625 0.075 0.1453125
11 0.7640625 0.934375 0.08203125 0.1296875
11 0.8328125 0.9375 0.08046875 0.1234375
11 0.97421875 0.9390625 0.05 0.1203125
11 0.91953125 0.70546875 0.07265625 0.1265625
11 0.875 0.7359375 0.071875 0.16953125
11 0.96953125 0.7515625 0.040625 0.08671875
11 0.9328125 0.78984375 0.06875 0.1796875
11 0.8515625 0.80625 0.07734375 0.184375
11 0.98203125 0.80859375 0.034375 0.06328125
11 0.775 0.8109375 0.0859375 0.23203125
11 0.98203125 0.89296875 0.03515625 0.13203125
11 0.92109375 0.909375 0.07109375 0.1796875