11 0.69765625 0.70625 0.2828125 0.325
11 0.915625 0.57890625 0.165625 0.20390625
11 0.75625 0.46796875 0.18125 0.21875
11 0.62109375 0.43828125 0.1015625 0.15625
11 0.28046875 0.45859375 0.2171875 0.20390625
11 0.09921875 0.28984375 0.1359375 0.18359375
11 0.509375 0.29609375 0.090625 0.12890625
11 0.05234375 0.50859375 0.1046875 0.18359375
11 0.3953125 0.55 0.21875 0.25390625
11 0.528125 0.575 0.090625 0.125
11 0.75703125 0.34296875 0.0953125 0.10625
11 0.6015625 0.54921875 0.1125 0.19375
11 0.8046875 0.17734375 0.140625 0.16640625
11 0.35546875 0.29453125 0.7109375 0.29375