11 0.596875 0.884375 0.13125 0.15234375
11 0.74609375 0.83515625 0.1078125 0.13828125
11 0.81015625 0.7203125 0.1328125 0.14765625
11 0.68984375 0.72265625 0.1140625 0.17109375
11 0.71640625 0.46953125 0.0796875 0.17578125
11 0.0640625 0.6484375 0.1 0.103125
11 0.234375 0.52421875 0.084375 0.0984375
11 0.946875 0.478125 0.103125 0.140625
11 0.64921875 0.24609375 0.0796875 0.1078125
11 0.615625 0.37734375 0.103125 0.1359375
11 0.34609375 0.4453125 0.0640625 0.084375
11 0.3953125 0.3875 0.090625 0.09140625
11 0.5609375 0.36328125 0.06875 0.1171875
11 0.10234375 0.7203125 0.0765625 0.09609375
11 0.49921875 0.38515625 0.9984375 0.6296875