11 0.41796875 0.65 0.1765625 0.41015625
11 0.6125 0.55 0.221875 0.365625
11 0.60546875 0.384375 0.1609375 0.2578125
11 0.6609375 0.88203125 0.403125 0.23203125
11 0.86171875 0.64375 0.2734375 0.3796875
11 0.25859375 0.52890625 0.1765625 0.28125
11 0.35234375 0.33828125 0.1359375 0.13828125
11 0.0875 0.55 0.159375 0.496875
11 0.7390625 0.2328125 0.121875 0.17109375
11 0.35703125 0.20625 0.1734375 0.2109375
11 0.88984375 0.42734375 0.2171875 0.20859375
11 0.1890625 0.2015625 0.184375 0.1875
11 0.63125 0.303125 0.134375 0.17109375
11 0.5 0.33359375 0.996875 0.5078125