11 0.52421875 0.53828125 0.1609375 0.15625
11 0.62578125 0.5 0.1078125 0.17890625
11 0.1015625 0.58125 0.084375 0.22890625
11 0.47890625 0.50703125 0.1171875 0.13515625
11 0.4046875 0.55078125 0.128125 0.17265625
11 0.325 0.56015625 0.08125 0.19609375
11 0.26875 0.575 0.06875 0.20859375
11 0.3890625 0.52265625 0.096875 0.19140625
11 0.18515625 0.56640625 0.0640625 0.20390625
11 0.0578125 0.58515625 0.0875 0.20859375
11 0.67578125 0.49765625 0.0765625 0.175
11 0.74140625 0.48671875 0.0859375 0.15625
11 0.39453125 0.51015625 0.6171875 0.29609375