11 0.784375 0.74375 0.1125 0.3328125
11 0.88828125 0.74140625 0.1078125 0.3421875
11 0.971875 0.81484375 0.053125 0.29921875
11 0.2625 0.8171875 0.15 0.3609375
11 0.3703125 0.81640625 0.115625 0.32109375
11 0.40625 0.76328125 0.146875 0.3140625
11 0.4453125 0.71328125 0.09375 0.27109375
11 0.53828125 0.60390625 0.0828125 0.1890625
11 0.10859375 0.79453125 0.1765625 0.36328125
11 0.07109375 0.83984375 0.1265625 0.31640625
11 0.72265625 0.55390625 0.0671875 0.16953125
11 0.5 0.58515625 0.996875 0.453125