11 0.38046875 0.91015625 0.1828125 0.175
11 0.5078125 0.84375 0.078125 0.07109375
11 0.61484375 0.87578125 0.1015625 0.17734375
11 0.3890625 0.825 0.10625 0.075
11 0.55546875 0.934375 0.1203125 0.12734375
11 0.7265625 0.92265625 0.05625 0.14140625
11 0.78515625 0.92109375 0.0671875 0.15390625
11 0.85625 0.90390625 0.1375 0.1875
11 0.134375 0.86484375 0.096875 0.19140625
11 0.05390625 0.86796875 0.0734375 0.13125
11 0.05390625 0.81015625 0.1046875 0.1125
11 0.7375 0.87578125 0.10625 0.11875
11 0.49921875 0.89140625 0.9984375 0.2125