11 0.78671875 0.8640625 0.1015625 0.17421875
11 0.03046875 0.7609375 0.0578125 0.1171875
11 0.16640625 0.76015625 0.0609375 0.09609375
11 0.21953125 0.84140625 0.0734375 0.140625
11 0.415625 0.828125 0.115625 0.14453125
11 0.3765625 0.821875 0.084375 0.12890625
11 0.4421875 0.73203125 0.078125 0.06640625
11 0.5859375 0.72890625 0.109375 0.07265625
11 0.8921875 0.83671875 0.084375 0.15859375
11 0.95703125 0.8265625 0.0828125 0.13515625
11 0.6015625 0.82890625 0.1625 0.1390625
11 0.51640625 0.78828125 0.1765625 0.16796875
11 0.06171875 0.84765625 0.1234375 0.1640625
11 0.29609375 0.84453125 0.0828125 0.1546875
11 0.828125 0.83984375 0.090625 0.17578125