11 0.39609375 0.75078125 0.5109375 0.47578125
11 0.25703125 0.51640625 0.3484375 0.27890625
11 0.32734375 0.27421875 0.3515625 0.178125
11 0.771875 0.74140625 0.453125 0.48515625
11 0.07421875 0.81015625 0.1453125 0.35625
11 0.09140625 0.3546875 0.1765625 0.21796875
11 0.52578125 0.4671875 0.2296875 0.18984375
11 0.27734375 0.36640625 0.3578125 0.14296875
11 0.51640625 0.35 0.1828125 0.14296875
11 0.71015625 0.92265625 0.3796875 0.13125
11 0.046875 0.521875 0.09375 0.31875
11 0.73828125 0.51875 0.2359375 0.19921875
11 0.87734375 0.53828125 0.2421875 0.2390625
11 0.365625 0.29140625 0.73125 0.33984375