11 0.33359375 0.6484375 0.0671875 0.2
11 0.43984375 0.7578125 0.0734375 0.16484375
11 0.534375 0.64453125 0.0625 0.19296875
11 0.65859375 0.74375 0.0671875 0.17890625
11 0.4546875 0.81171875 0.053125 0.13203125
11 0.47109375 0.875 0.0578125 0.13671875
11 0.509375 0.74375 0.053125 0.14140625
11 0.49765625 0.93046875 0.0578125 0.134375
11 0.8328125 0.79296875 0.0625 0.10390625
11 0.6125 0.9296875 0.0875 0.13671875
11 0.840625 0.89296875 0.071875 0.134375
11 0.69375 0.93515625 0.09375 0.125
11 0.7671875 0.88359375 0.4625 0.228125