11 0.21796875 0.6125 0.2453125 0.40390625
11 0.26328125 0.66328125 0.2484375 0.42265625
11 0.61796875 0.75390625 0.1359375 0.45
11 0.3859375 0.759375 0.225 0.45234375
11 0.50546875 0.75859375 0.1703125 0.4625
11 0.73359375 0.76796875 0.1234375 0.46015625
11 0.8078125 0.75546875 0.125 0.35234375
11 0.834375 0.70703125 0.15625 0.28125
11 0.7234375 0.496875 0.115625 0.14765625
11 0.3078125 0.72734375 0.2375 0.37109375
11 0.96953125 0.50546875 0.0578125 0.10234375
11 0.04296875 0.6125 0.0859375 0.25
11 0.571875 0.54765625 0.853125 0.40859375