11 0.4109375 0.7734375 0.06875 0.16953125
11 0.51953125 0.778125 0.1453125 0.15546875
11 0.73515625 0.77734375 0.1640625 0.1484375
11 0.915625 0.77578125 0.1 0.15078125
11 0.8375 0.77265625 0.121875 0.1390625
11 0.2015625 0.75 0.05625 0.14609375
11 0.15859375 0.73671875 0.0546875 0.134375
11 0.40625 0.6640625 0.078125 0.096875
11 0.4640625 0.6484375 0.071875 0.08984375
11 0.284375 0.76328125 0.065625 0.1390625
11 0.6171875 0.7640625 0.1125 0.14140625
11 0.9578125 0.7609375 0.08125 0.134375
11 0.603125 0.76875 0.0625 0.14140625
11 0.36796875 0.77109375 0.0796875 0.14609375
11 0.25703125 0.75859375 0.0671875 0.1390625
11 0.565625 0.734375 0.728125 0.21953125