11 0.4640625 0.60703125 0.33359375 0.14609375
11 0.37421875 0.509375 0.38125 0.1140625
11 0.14140625 0.61484375 0.28203125 0.1140625
11 0.33671875 0.71328125 0.3546875 0.14609375
11 0.271875 0.79921875 0.35703125 0.1421875
11 0.3453125 0.9078125 0.390625 0.1203125
11 0.53125 0.8078125 0.3546875 0.128125
11 0.7265625 0.74765625 0.36015625 0.13984375
11 0.6953125 0.91015625 0.3875 0.1203125
11 0.15 0.81796875 0.29453125 0.0921875
11 0.184375 0.94921875 0.36328125 0.09765625
11 0.86796875 0.91015625 0.25859375 0.13203125
11 0.0796875 0.52421875 0.159375 0.07578125
11 0.5015625 0.871875 0.97265625 0.25234375