11 0.41484375 0.85390625 0.1390625 0.2078125
11 0.3125 0.828125 0.09375 0.2078125
11 0.21875 0.80390625 0.096875 0.21953125
11 0.153125 0.74921875 0.06875 0.2078125
11 0.1 0.71171875 0.06875 0.203125
11 0.52265625 0.80859375 0.0921875 0.22890625
11 0.66171875 0.72421875 0.0953125 0.0796875
11 0.490625 0.6171875 0.084375 0.1125
11 0.471875 0.7171875 0.08125 0.1125
11 0.678125 0.82734375 0.115625 0.21015625
11 0.878125 0.6328125 0.053125 0.103125
11 0.12890625 0.621875 0.0578125 0.1078125
11 0.765625 0.7875 0.084375 0.20078125
11 0.49921875 0.69140625 0.9984375 0.4484375