11 0.46875 0.8078125 0.93359375 0.38125
11 0.4265625 0.728125 0.38125 0.2875
11 0.453125 0.62890625 0.90625 0.2953125
11 0.29609375 0.6453125 0.3765625 0.18125
11 0.6078125 0.3328125 0.78046875 0.196875
11 0.3734375 0.50546875 0.29609375 0.1390625
11 0.44921875 0.53046875 0.8984375 0.2359375
11 0.3734375 0.4453125 0.2875 0.134375
11 0.73828125 0.39921875 0.34609375 0.1359375
11 0.53828125 0.22734375 0.24453125 0.1015625
11 0.66015625 0.10703125 0.62109375 0.2109375
11 0.69765625 0.43046875 0.36015625 0.1171875
11 0.50078125 0.18515625 0.31484375 0.1484375
11 0.49921875 0.32578125 0.99765625 0.6515625