11 0.56171875 0.66953125 0.1296875 0.12578125
11 0.49609375 0.64765625 0.0859375 0.1421875
11 0.2515625 0.62109375 0.146875 0.11640625
11 0.34296875 0.58359375 0.0984375 0.11640625
11 0.16328125 0.61015625 0.1109375 0.128125
11 0.05390625 0.57890625 0.1078125 0.12578125
11 0.42265625 0.62421875 0.0953125 0.1234375
11 0.6515625 0.6140625 0.078125 0.09296875
11 0.8640625 0.671875 0.115625 0.11171875
11 0.94921875 0.6828125 0.0984375 0.1421875
11 0.45234375 0.57890625 0.1234375 0.12109375
11 0.74765625 0.6578125 0.1328125 0.13046875
11 0.62578125 0.51015625 0.0984375 0.1140625
11 0.49921875 0.5234375 0.9984375 0.34921875