11 0.66875 0.70078125 0.065625 0.08515625
11 0.53828125 0.69453125 0.0765625 0.09375
11 0.40625 0.72890625 0.0875 0.0875
11 0.17578125 0.73515625 0.0890625 0.10859375
11 0.19453125 0.73828125 0.0953125 0.09375
11 0.23359375 0.70390625 0.0640625 0.08359375
11 0.32890625 0.72578125 0.0828125 0.10625
11 0.87265625 0.69765625 0.0828125 0.1125
11 0.76640625 0.67890625 0.0703125 0.09140625
11 0.7296875 0.70234375 0.065625 0.09140625
11 0.0375 0.665625 0.071875 0.07265625
11 0.32734375 0.684375 0.6546875 0.16875